0.0000000000000000e+000	1.#QNAN00000000000e+000
3.2860031407035174e-003	6.5612084841728535e-003
6.5720062814070349e-003	1.3100821606348845e-002
9.8580094221105523e-003	1.9618840062261667e-002
1.3144012562814070e-002	2.6115265007907396e-002
1.9716018844221105e-002	3.9043341275471821e-002
2.6288025125628139e-002	5.1885068747017593e-002
3.9432037688442209e-002	7.7309586411683062e-002
5.2576050251256279e-002	1.0238910639958443e-001
7.8864075376884418e-002	1.5151485478085869e-001
1.0515210050251256e-001	1.9926677082045274e-001
1.5089824070351759e-001	2.7910753179850933e-001
1.9664438090452263e-001	3.5485000357630803e-001
2.4809070000000003e-001	4.3520371392743729e-001
2.9953701909547742e-001	5.1054054542433214e-001
3.5132435778894477e-001	5.8142301026053178e-001
4.0311169648241213e-001	6.4746313081922646e-001
4.5465289899497496e-001	7.0852036006366403e-001
5.0619410150753774e-001	7.6506802734817936e-001
5.5397939396984919e-001	8.1360252472519456e-001
6.0176468643216074e-001	8.5852483887264508e-001
7.0072249145728649e-001	9.4064809891049195e-001
8.0306479497487437e-001	1.0111912745333107e+000
9.0507888542713566e-001	1.0683016459671191e+000
1.0100129165829146e+000	1.1147234652584490e+000
1.1024388683417086e+000	1.1464019522191036e+000
1.2064885989949750e+000	1.1729846888427899e+000
1.3109655678391960e+000	1.1912570151604598e+000
1.3613070271356786e+000	1.1974159934315494e+000
1.4116484864321610e+000	1.2020335801550768e+000
1.4573633542713569e+000	1.2049967773754617e+000
1.5030782221105528e+000	1.2068825296492831e+000
1.5302579218592967e+000	1.2075286288138274e+000
1.5574376216080403e+000	1.2078421477167951e+000
1.5846173213567840e+000	1.2078402318324393e+000
1.6117970211055277e+000	1.2075395730461667e+000
1.6578465628140704e+000	1.2063937474478565e+000
1.7038961045226131e+000	1.2045127918051282e+000
1.7574626688442212e+000	1.2014955826604312e+000
1.8110292331658293e+000	1.1976888812096904e+000
1.9058602050251257e+000	1.1893208620737554e+000
2.0099048110552764e+000	1.1782572415763930e+000
2.1089798804020101e+000	1.1664133967284529e+000
2.2123543216080406e+000	1.1531769332248256e+000
2.3072843286432163e+000	1.1405900152377964e+000
2.4096791658291457e+000	1.1268770764440936e+000
2.5160386241206032e+000	1.1127824111268156e+000
2.6086248452261307e+000	1.1008363851295544e+000
2.7086205005025130e+000	1.0884357691133271e+000
2.8119257969849247e+000	1.0763059092574945e+000
2.9129898753768844e+000	1.0652083511651540e+000
3.0107745678391962e+000	1.0552575561282365e+000
3.1193477969849246e+000	1.0451578750153891e+000
3.2169056723618090e+000	1.0369496637071107e+000
3.3210695276381914e+000	1.0290871721142845e+000
3.4154574623115579e+000	1.0227492238274496e+000
3.5186484060301511e+000	1.0166445784108624e+000
3.6157430422110552e+000	1.0116490137853413e+000
3.7172349135678395e+000	1.0071559162279164e+000
3.8164617688442211e+000	1.0034327210146967e+000
3.9203430904522611e+000	1.0001864668238762e+000
4.0203931497487444e+000	9.9763295500620641e-001
4.1227087859296487e+000	9.9554446533711682e-001
4.2241771969849253e+000	9.9393828756686953e-001
4.3174161286432167e+000	9.9282316499518575e-001
4.4242784663316588e+000	9.9191587117573221e-001
4.5198574150753767e+000	9.9139449866650753e-001
4.6217645095477389e+000	9.9109504522458203e-001
4.7193026020100506e+000	9.9101713638803901e-001
4.8276061185929651e+000	9.9112706568935183e-001
4.9213890060301511e+000	9.9135728280795254e-001
5.0278334221105530e+000	9.9173734711724826e-001
5.1248459517587941e+000	9.9216762440213757e-001
5.2309624130653267e+000	9.9270391325795126e-001
5.3225229728643217e+000	9.9320377133062443e-001
5.4267997628140705e+000	9.9379715918340195e-001
5.5275259939698493e+000	9.9437983731783286e-001
5.6281864231155785e+000	9.9495894061359269e-001
5.7284765407035181e+000	9.9552277195091454e-001
5.8248239467336687e+000	9.9604473723050557e-001
5.9289780442211057e+000	9.9658097326612283e-001
6.0282444512562821e+000	9.9706046277165361e-001
6.1327176703517594e+000	9.9752846740584633e-001
6.2272910914572863e+000	9.9791796768474061e-001
6.3318124261306536e+000	9.9830975994574334e-001
6.4319256512562815e+000	9.9864691419315610e-001
6.5317951979899496e+000	9.9894674155071705e-001
6.6361093266331670e+000	9.9922227492563698e-001
6.7321864472361810e+000	9.9944359171547614e-001
6.8305825608040207e+000	9.9963983503018816e-001
6.9392235618090456e+000	9.9982321871996505e-001
7.0375890894472359e+000	9.9996151049524917e-001
7.1381862663316591e+000	1.0000781116944930e+000
7.2404910040201012e+000	1.0001734456638345e+000
7.3345289658291462e+000	1.0002425664117265e+000
7.4347703879396994e+000	1.0002989429716131e+000
7.5342487658291457e+000	1.0003393872033499e+000
7.6406597085427146e+000	1.0003678916666723e+000
7.7345627557788941e+000	1.0003822131993232e+000
7.8429073788944725e+000	1.0003881552425635e+000
7.9406800482412061e+000	1.0003854502319407e+000
8.0374209939698495e+000	1.0003766645774581e+000
8.1414485889447228e+000	1.0003618315341842e+000
8.2458969969849250e+000	1.0003426428231101e+000
8.3409295829145726e+000	1.0003224477149282e+000
8.4418499678391967e+000	1.0002990458662684e+000
8.5403384000000013e+000	1.0002750170538230e+000
8.6471008994974881e+000	1.0002483784126635e+000
8.7394801447236183e+000	1.0002253344120333e+000
8.8455810663316594e+000	1.0001993558092819e+000
8.9453215105527644e+000	1.0001757765576347e+000
9.0440985708542723e+000	1.0001535073351380e+000
9.1429542090452269e+000	1.0001325002700026e+000
9.2437807025125629e+000	1.0001125405059763e+000
9.3506550964824111e+000	1.0000931058373690e+000
9.4486484502512571e+000	1.0000768928218811e+000
9.5453804733668335e+000	1.0000624054492406e+000
9.6487854140703515e+000	1.0000485634341962e+000
9.7519652512562818e+000	1.0000363957508487e+000
9.8445752824120607e+000	1.0000268138432360e+000
9.9542785427135687e+000	1.0000170115030891e+000
1.0046073143718592e+001	1.0000100167385830e+000
1.0153437240201004e+001	1.0000031230646560e+000
1.0255905869346734e+001	9.9999772762984918e-001
1.0347398149748743e+001	9.9999379478124906e-001
1.0450290787939700e+001	9.9999026695355009e-001
1.0553865465326634e+001	9.9998756597816274e-001
1.0656947870351759e+001	9.9998561857941803e-001
1.0752518455276382e+001	9.9998438557028391e-001
1.0851476260301508e+001	9.9998360722166213e-001
1.0953818563819095e+001	9.9998325429044410e-001
1.1055832654271358e+001	9.9998328272232651e-001
1.1160766685427136e+001	9.9998363366808407e-001
1.1253192637185929e+001	9.9998415862990664e-001
1.1357242367839197e+001	9.9998493693551715e-001
1.1461719336683418e+001	9.9998586698470537e-001
1.1562402255276384e+001	9.9998686076514132e-001
1.1653831990954775e+001	9.9998781570362916e-001
1.1762550789949749e+001	9.9998898383576706e-001
1.1854649873366833e+001	9.9998997865183070e-001
1.1961783002010051e+001	9.9999111943600538e-001
1.2056613973869347e+001	9.9999209899461894e-001
1.2160658579899497e+001	9.9999312739461732e-001
1.2259733649246231e+001	9.9999405186076507e-001
1.2363108090452261e+001	9.9999495195933041e-001
1.2458038097487439e+001	9.9999571622885874e-001
1.2560432934673369e+001	9.9999647112125090e-001
1.2666792392964824e+001	9.9999717795644116e-001
1.2759378614070354e+001	9.9999772966310962e-001
1.2859374269346734e+001	9.9999826067966879e-001
1.2962679565829145e+001	9.9999874127707489e-001
1.3063743644221107e+001	9.9999914805378232e-001
1.3161528336683418e+001	9.9999948570071362e-001
1.3270101565829147e+001	9.9999980095650975e-001
1.3367659441206030e+001	1.0000000351672185e+000
1.3471823296482413e+001	1.0000002388422944e+000
1.3566211231155780e+001	1.0000003861547877e+000
1.3669402174874371e+001	1.0000005111728414e+000
1.3766496811055278e+001	1.0000005984707021e+000
1.3867988682412062e+001	1.0000006623626077e+000
1.3967215537688443e+001	1.0000007015352494e+000
1.4071096859296484e+001	1.0000007216409803e+000
1.4171146918592965e+001	1.0000007241290003e+000
1.4273462554773868e+001	1.0000007126622881e+000
1.4374930965829147e+001	1.0000006900760652e+000
1.4468169897487437e+001	1.0000006616062658e+000
1.4575032235175879e+001	1.0000006221376465e+000
1.4670611183919601e+001	1.0000005823934441e+000
1.4772518278391960e+001	1.0000005370126377e+000
1.4870056370854273e+001	1.0000004919631615e+000
1.4978359887437186e+001	1.0000004413870711e+000
1.5072142774874372e+001	1.0000003980063452e+000
1.5178587190954774e+001	1.0000003500633572e+000
1.5275599720603015e+001	1.0000003081491164e+000
1.5381716181909548e+001	1.0000002647502999e+000
1.5473276741708544e+001	1.0000002296537462e+000
1.5577553531658292e+001	1.0000001925629598e+000
1.5678279762814071e+001	1.0000001597812036e+000
1.5778940191959800e+001	1.0000001300676116e+000
1.5879230309547738e+001	1.0000001034815207e+000
1.5975577715577892e+001	1.0000000807190386e+000
1.6079731813065330e+001	1.0000000590653197e+000
1.6178998220100503e+001	1.0000000411452983e+000
1.6283471439195981e+001	1.0000000249741963e+000
1.6378044860301507e+001	1.0000000125472701e+000
1.6482566194974876e+001	1.0000000010603547e+000
1.6582679420100504e+001	9.9999999207297607e-001
1.6682548966834172e+001	9.9999998487571840e-001
1.6786863095477386e+001	9.9999997903811677e-001
1.6882940216080403e+001	9.9999997500225657e-001
1.6981336329648244e+001	9.9999997203355639e-001
1.7089977330653266e+001	9.9999996993580254e-001
1.7188342858291460e+001	9.9999996894408594e-001
1.7288940035175880e+001	9.9999996867541363e-001
1.7391244772864322e+001	9.9999996903968691e-001
1.7485282734673369e+001	9.9999996983388040e-001
1.7585524156783922e+001	9.9999997106333649e-001
1.7685002534673369e+001	9.9999997258291684e-001
1.7791413477386936e+001	9.9999997444684685e-001
1.7885316524623114e+001	9.9999997622951164e-001
1.7993661147738695e+001	9.9999997837843202e-001
1.8091433817085427e+001	9.9999998035086002e-001
1.8188174762814072e+001	9.9999998229309350e-001
1.8292202357788948e+001	9.9999998433535353e-001
1.8396650765829147e+001	9.9999998630729348e-001
1.8491683351758795e+001	9.9999998801280110e-001
1.8592603736683419e+001	9.9999998971609116e-001
1.8691092168844222e+001	9.9999999126082262e-001
1.8797854668341710e+001	9.9999999279678820e-001
1.8890233913567840e+001	9.9999999400663842e-001
1.8996334835175880e+001	9.9999999525952865e-001
1.9096075279396988e+001	9.9999999630631775e-001
1.9194852339698496e+001	9.9999999722196142e-001
1.9293707977889447e+001	9.9999999802316697e-001
1.9394534471356785e+001	9.9999999872839074e-001
1.9501408865326635e+001	9.9999999936100503e-001
1.9599402219095477e+001	9.9999999984534149e-001
1.9696134242211055e+001	1.0000000002415084e+000
1.9799539182914575e+001	1.0000000005835961e+000
1.9902719020100502e+001	1.0000000008500129e+000
2.0000000000000000e+001	1.0000000010406005e+000
