0.0000000000000000e+000	1.#QNAN00000000000e+000
3.2860031407035174e-003	1.1961582873636356e-003
6.5720062814070349e-003	2.3948075652022727e-003
9.8580094221105523e-003	3.5959401551248771e-003
1.3144012562814070e-002	4.7995483781650972e-003
1.9716018844221105e-002	7.2141610050411309e-003
2.6288025125628139e-002	9.6385840037631620e-003
3.9432037688442209e-002	1.4516615313275083e-002
5.2576050251256279e-002	1.9433150643079711e-002
7.8864075376884418e-002	2.9379766396173790e-002
1.0515210050251256e-001	3.9474497137475972e-002
1.5089824070351759e-001	5.7382686688720375e-002
1.9664438090452263e-001	7.5706777730462083e-002
2.9953701909547742e-001	1.1833421661213783e-001
4.0311169648241213e-001	1.6302626425589517e-001
5.0619410150753774e-001	2.0904653150473396e-001
6.0176468643216074e-001	2.5288451033970516e-001
7.0072249145728649e-001	2.9926538654293799e-001
8.0306479497487437e-001	3.4808316583070009e-001
9.0507888542713566e-001	3.9739464194979612e-001
1.0100129165829146e+000	4.4857692726267839e-001
1.1024388683417086e+000	4.9387191418822540e-001
1.2064885989949750e+000	5.4491448610026982e-001
1.3109655678391960e+000	5.9602790527661864e-001
1.4116484864321610e+000	6.4497261355521518e-001
1.5030782221105528e+000	6.8901190543301738e-001
1.6117970211055277e+000	7.4070499169504089e-001
1.7038961045226131e+000	7.8378998328433092e-001
1.8110292331658293e+000	8.3294046436178859e-001
1.9058602050251257e+000	8.7545536617666830e-001
2.0099048110552764e+000	9.2089977087633312e-001
2.1089798804020101e+000	9.6289102693123174e-001
2.2123543216080406e+000	1.0052576345193263e+000
2.3072843286432163e+000	1.0427714200004252e+000
2.4096791658291457e+000	1.0816516894284471e+000
2.5160386241206032e+000	1.1202081724394439e+000
2.6086248452261307e+000	1.1521887670982269e+000
2.7086205005025130e+000	1.1850142223466540e+000
2.8119257969849247e+000	1.2170009988138264e+000
2.9129898753768844e+000	1.2463533671368974e+000
3.0107745678391962e+000	1.2728906059279015e+000
3.1193477969849246e+000	1.3001768827904860e+000
3.2169056723618090e+000	1.3227185766979734e+000
3.3210695276381914e+000	1.3447082834073059e+000
3.4154574623115579e+000	1.3627760960562192e+000
3.5186484060301511e+000	1.3805100358966205e+000
3.6157430422110552e+000	1.3952795895764909e+000
3.7172349135678395e+000	1.4087477984320409e+000
3.8164617688442211e+000	1.4199907162569505e+000
3.9203430904522611e+000	1.4297526564377101e+000
4.0203931497487444e+000	1.4372479496900477e+000
4.1227087859296487e+000	1.4430203763801905e+000
4.2241771969849253e+000	1.4469022076689646e+000
4.3174161286432167e+000	1.4488961127291426e+000
4.4242784663316588e+000	1.4493868433722650e+000
4.5198574150753767e+000	1.4482575915170186e+000
4.6217645095477389e+000	1.4454858225018108e+000
4.7193026020100506e+000	1.4413800102063652e+000
4.8276061185929651e+000	1.4352342820206234e+000
4.9213890060301511e+000	1.4286308392893361e+000
5.0278334221105530e+000	1.4197749426426787e+000
5.1248459517587941e+000	1.4105170847863917e+000
5.2309624130653267e+000	1.3991800956957658e+000
5.3225229728643217e+000	1.3884514383480182e+000
5.4267997628140705e+000	1.3752459046058891e+000
5.5275259939698493e+000	1.3615735944500003e+000
5.6281864231155785e+000	1.3470932823948276e+000
5.7284765407035181e+000	1.3319352676060887e+000
5.8248239467336687e+000	1.3167609637475075e+000
5.9289780442211057e+000	1.2997653652177250e+000
6.0282444512562821e+000	1.2830743095639199e+000
6.1327176703517594e+000	1.2650726382130004e+000
6.2272910914572863e+000	1.2484632150730839e+000
6.3318124261306536e+000	1.2298385685991895e+000
6.4319256512562815e+000	1.2118098336279770e+000
6.5317951979899496e+000	1.1937120178772904e+000
6.6361093266331670e+000	1.1747625298099262e+000
6.7321864472361810e+000	1.1573315372260062e+000
6.8305825608040207e+000	1.1395628108470564e+000
6.9392235618090456e+000	1.1201112616940847e+000
7.0375890894472359e+000	1.1027115979603144e+000
7.1381862663316591e+000	1.0851828530054595e+000
7.2404910040201012e+000	1.0676870329484980e+000
7.3345289658291462e+000	1.0519443431740017e+000
7.4347703879396994e+000	1.0355660187687574e+000
7.5342487658291457e+000	1.0197657250807235e+000
7.6406597085427146e+000	1.0034093651976708e+000
7.7345627557788941e+000	9.8947844328081513e-001
7.8429073788944725e+000	9.7402898868446819e-001
7.9406800482412061e+000	9.6069165677523127e-001
8.0374209939698495e+000	9.4808558310403535e-001
8.1414485889447228e+000	9.3521043304831653e-001
8.2458969969849250e+000	9.2301571365270330e-001
8.3409295829145726e+000	9.1257502998517359e-001
8.4418499678391967e+000	9.0218489321937867e-001
8.5403384000000013e+000	8.9274886775496431e-001
8.6471008994974881e+000	8.8331490088589426e-001
8.7394801447236183e+000	8.7582432285053791e-001
8.8455810663316594e+000	8.6799390964792100e-001
8.9453215105527644e+000	8.6138640530622879e-001
9.0440985708542723e+000	8.5555988640959968e-001
9.1429542090452269e+000	8.5043837046112047e-001
9.2437807025125629e+000	8.4593856865713335e-001
9.3506550964824111e+000	8.4195579911425222e-001
9.4486484502512571e+000	8.3900342938142580e-001
9.5453804733668335e+000	8.3673199709729107e-001
9.6487854140703515e+000	8.3499378082575193e-001
9.7519652512562818e+000	8.3395070964727425e-001
9.8445752824120607e+000	8.3358497010783461e-001
9.9542785427135687e+000	8.3382618699365652e-001
1.0046073143718592e+001	8.3456971562579108e-001
1.0153437240201004e+001	8.3603938798979227e-001
1.0255905869346734e+001	8.3801842198044207e-001
1.0347398149748743e+001	8.4023801932006736e-001
1.0450290787939700e+001	8.4321764771555119e-001
1.0553865465326634e+001	8.4670458082571165e-001
1.0656947870351759e+001	8.5062953620695692e-001
1.0752518455276382e+001	8.5464606684603972e-001
1.0851476260301508e+001	8.5915992831601928e-001
1.0953818563819095e+001	8.6417802224387374e-001
1.1055832654271358e+001	8.6950281799298157e-001
1.1160766685427136e+001	8.7528304558322800e-001
1.1253192637185929e+001	8.8060185097124488e-001
1.1357242367839197e+001	8.8681437236732863e-001
1.1461719336683418e+001	8.9326009143065543e-001
1.1562402255276384e+001	8.9963797730578510e-001
1.1653831990954775e+001	9.0554644527562711e-001
1.1762550789949749e+001	9.1268645414267480e-001
1.1854649873366833e+001	9.1880759066180806e-001
1.1961783002010051e+001	9.2598267610868767e-001
1.2056613973869347e+001	9.3235879788053788e-001
1.2160658579899497e+001	9.3935507033208987e-001
1.2259733649246231e+001	9.4599380259389387e-001
1.2363108090452261e+001	9.5287163888385662e-001
1.2458038097487439e+001	9.5912296790678775e-001
1.2560432934673369e+001	9.6577513725141295e-001
1.2666792392964824e+001	9.7256273112284652e-001
1.2759378614070354e+001	9.7835256865613685e-001
1.2859374269346734e+001	9.8446455431042723e-001
1.2962679565829145e+001	9.9060768394352094e-001
1.3063743644221107e+001	9.9643308342808234e-001
1.3161528336683418e+001	1.0018818955866435e+000
1.3270101565829147e+001	1.0077008515634855e+000
1.3367659441206030e+001	1.0127101024147918e+000
1.3471823296482413e+001	1.0178179070029818e+000
1.3566211231155780e+001	1.0222230732367434e+000
1.3669402174874371e+001	1.0267878323167225e+000
1.3766496811055278e+001	1.0308365958282526e+000
1.3867988682412062e+001	1.0348075065212963e+000
1.3967215537688443e+001	1.0384270183761144e+000
1.4071096859296484e+001	1.0419340839844551e+000
1.4171146918592965e+001	1.0450363109103120e+000
1.4273462554773868e+001	1.0479277063972356e+000
1.4374930965829147e+001	1.0505140461687090e+000
1.4468169897487437e+001	1.0526443440171591e+000
1.4575032235175879e+001	1.0547974822622308e+000
1.4670611183919601e+001	1.0564646214555451e+000
1.4772518278391960e+001	1.0579764887433223e+000
1.4870056370854273e+001	1.0591707115169005e+000
1.4978359887437186e+001	1.0602126359478294e+000
1.5072142774874372e+001	1.0608786953532301e+000
1.5178587190954774e+001	1.0613760564882104e+000
1.5275599720603015e+001	1.0615966896923870e+000
1.5381716181909548e+001	1.0615924014746947e+000
1.5473276741708544e+001	1.0613896973493233e+000
1.5577553531658292e+001	1.0609431860462384e+000
1.5678279762814071e+001	1.0603030914494482e+000
1.5778940191959800e+001	1.0594682370581099e+000
1.5879230309547738e+001	1.0584523816633056e+000
1.5975577715577892e+001	1.0573129369116776e+000
1.6079731813065330e+001	1.0559117955816315e+000
1.6178998220100503e+001	1.0544233254197746e+000
1.6283471439195981e+001	1.0527071730158135e+000
1.6378044860301507e+001	1.0510315146153042e+000
1.6482566194974876e+001	1.0490561277670689e+000
1.6582679420100504e+001	1.0470537240981117e+000
1.6682548966834172e+001	1.0449597676930735e+000
1.6786863095477386e+001	1.0426815977985022e+000
1.6882940216080403e+001	1.0405114918236262e+000
1.6981336329648244e+001	1.0382278386858190e+000
1.7089977330653266e+001	1.0356465242562860e+000
1.7188342858291460e+001	1.0332658969480881e+000
1.7288940035175880e+001	1.0307989666344530e+000
1.7391244772864322e+001	1.0282669954080765e+000
1.7485282734673369e+001	1.0259278192454557e+000
1.7585524156783922e+001	1.0234308752481380e+000
1.7685002534673369e+001	1.0209581856927534e+000
1.7791413477386936e+001	1.0183286653862460e+000
1.7885316524623114e+001	1.0160293447240876e+000
1.7993661147738695e+001	1.0134099498438021e+000
1.8091433817085427e+001	1.0110845914925553e+000
1.8188174762814072e+001	1.0088264432009959e+000
1.8292202357788948e+001	1.0064525433725635e+000
1.8396650765829147e+001	1.0041326474510230e+000
1.8491683351758795e+001	1.0020828695271200e+000
1.8592603736683419e+001	9.9997506478066811e-001
1.8691092168844222e+001	9.9799133128909123e-001
1.8797854668341710e+001	9.9592775775440923e-001
1.8890233913567840e+001	9.9421879583327910e-001
1.8996334835175880e+001	9.9234756843177951e-001
1.9096075279396988e+001	9.9068104600164242e-001
1.9194852339698496e+001	9.8912173544000137e-001
1.9293707977889447e+001	9.8765421024191713e-001
1.9394534471356785e+001	9.8625519187086752e-001
1.9501408865326635e+001	9.8488172155873799e-001
1.9599402219095477e+001	9.8372247644233146e-001
1.9696134242211055e+001	9.8267270128408590e-001
1.9799539182914575e+001	9.8165468116991195e-001
1.9902719020100502e+001	9.8074607855170348e-001
2.0000000000000000e+001	9.7998706044265094e-001
